1,13567.5,13567.5,13567.5,13567.5
2,13517.5,13537.5,13555.5,13514.5
3,13478,13500,13509,13476
4,13423.5,13466.5,13481.5,13411.5
5,13415.5,13413.5,13435.5,13392.5
6,13426.5,13405.5,13426.5,13390.5
7,13437.5,13429.5,13440.5,13407.5
8,13436.5,13435.5,13455.5,13427.5
9,13399.5,13428.5,13430.5,13399.5
10,13353.5,13368.5,13371.5,13353.5
11,13334.5,13325.5,13338.5,13315.5
12,13337.5,13330.5,13340.5,13325.5
13,13357.5,13317.5,13362.5,13317.5
14,13346,13361,13371,13341
15,13313.5,13338.5,13343.5,13286.5
16,13347.5,13320.5,13350.5,13320.5
17,13325,13335,13336,13310
18,13313.5,13317.5,13330.5,13309.5
19,13288.5,13291.5,13296.5,13266.5
20,13307,13296,13311,13296
21,13363.5,13311.5,13363.5,13311.5
22,13432.5,13382.5,13442.5,13382.5
23,13388.5,13421.5,13426.5,13376.5
24,13427,13387,13432,13387
25,13451.5,13413.5,13453.5,13413.5
26,13525,13495,13530,13495
27,13552.5,13567.5,13607.5,13552.5
28,13553,13526,13561,13523
29,13605,13605,13627,13595
30,13627.5,13642.5,13650.5,13617.5
31,13657.5,13607.5,13657.5,13597.5
32,13657.5,13632.5,13657.5,13632.5
33,13628.5,13647.5,13662.5,13612.5
34,13558.5,13591.5,13591.5,13541.5
35,13558.5,13558.5,13558.5,13558.5
36,13560.5,13552.5,13562.5,13532.5
37,13612.5,13562.5,13615.5,13562.5
38,13618.5,13575.5,13618.5,13570.5
39,13682.5,13652.5,13690.5,13652.5
40,13667.5,13667.5,13684.5,13662.5
41,13660,13660,13665,13645
42,13675,13652,13685,13650
43,13745,13705,13755,13705
44,13747.5,13782.5,13802.5,13742.5
45,13757.5,13722.5,13762.5,13722.5
46,13762.5,13737.5,13775.5,13737.5
47,13775,13750,13785,13745
48,13766,13754,13776,13754
49,13785,13760,13785,13760
50,13781,13794,13799,13774
51,13770,13770,13780,13770
52,13750.5,13764.5,13764.5,13749.5
53,13736.5,13741.5,13742.5,13726.5
54,13767,13737.5,13767,13737.5
55,13754,13765,13771.5,13751
